n p i v c erreur statut etat temps_creation temps gap obj obj_upper obj_lower
30 3 1 1 0 ras True True 0.02149 0.088 0.0 7.567 7.567 7.567
30 3 1 1 1 ras True True 0.02352 0.146 0.0 8.689 8.689 8.689
30 3 1 1 2 ras True True 0.0203 0.036 0.0 0.0 0.0 0.0
30 3 1 2 0 ras True True 0.25248 1.003 0.0 181.169 181.169 181.169
30 3 1 2 1 ras True False 1.22248 305.068 32.18 270.15 270.15 183.225
30 3 1 2 2 ras True False 3.23806 301.992 6.6 216.26 216.26 201.991
30 3 1 3 0 ras True True 0.28191 1.002 0.0 17.178 17.178 17.178
30 3 1 3 1 ras True False 0.45923 301.367 80.57 216.18 216.18 42.013
30 3 1 3 2 ras True False 2.44143 301.53 58.36 216.26 216.26 90.05
30 3 2 1 0 ras True True 0.02117 0.077 0.0 7.756 7.756 7.756
30 3 2 1 1 ras True True 0.02325 0.164 0.0 9.312 9.312 9.312
30 3 2 1 2 ras True True 0.02016 0.036 0.0 0.0 0.0 0.0
30 3 2 2 0 ras True True 0.24651 1.107 0.0 197.029 197.029 197.029
30 3 2 2 1 ras True False 1.21277 305.123 37.37 319.06 319.06 199.835
30 3 2 2 2 ras True False 3.1335 301.722 24.86 263.34 263.34 197.862
30 3 2 3 0 ras True True 0.21518 0.751 0.0 32.213 32.213 32.213
30 3 2 3 1 ras True False 0.34486 301.014 76.62 263.34 263.34 61.557
30 3 2 3 2 ras True True 2.32728 289.112 0.0 263.34 263.34 263.34
30 3 3 1 0 ras True True 0.02106 0.076 0.0 7.286 7.286 7.286
30 3 3 1 1 ras True True 0.02233 0.132 0.0 8.374 8.374 8.374
30 3 3 1 2 ras True True 0.01908 0.034 0.0 0.0 0.0 0.0
30 3 3 2 0 ras True True 0.23912 0.96 0.0 168.185 168.185 168.185
30 3 3 2 1 ras True False 1.15986 304.83 29.85 245.2 245.2 172.02
30 3 3 2 2 ras True False 2.92242 301.677 31.42 245.25 245.25 168.185
30 3 3 3 0 ras True True 0.22774 0.792 0.0 29.111 29.111 29.111
30 3 3 3 1 ras True False 0.36379 301.072 69.42 237.66 237.66 72.685
30 3 3 3 2 ras True False 2.63122 301.414 80.37 242.99 242.99 47.695
30 3 4 1 0 ras True True 0.02071 0.075 0.0 7.526 7.526 7.526
30 3 4 1 1 ras True True 0.02237 0.137 0.0 9.192 9.192 9.192
30 3 4 1 2 ras True True 0.01931 0.035 0.0 0.0 0.0 0.0
30 3 4 2 0 ras True True 0.24075 1.135 0.0 196.543 196.543 196.543
30 3 4 2 1 ras True False 1.15663 305.052 58.74 481.13 481.13 198.526
30 3 4 2 2 ras True False 2.46809 301.561 35.37 304.12 304.12 196.545
30 3 4 3 0 ras True True 0.22437 0.78 0.0 25.468 25.468 25.468
30 3 4 3 1 ras True False 0.40418 301.068 81.72 255.18 255.18 46.648
30 3 4 3 2 ras True False 2.421 301.537 40.65 243.61 243.61 144.59
30 3 5 1 0 ras True True 0.02109 0.085 0.0 7.78 7.78 7.78
30 3 5 1 1 ras True True 0.02276 0.134 0.0 8.605 8.605 8.605
30 3 5 1 2 ras True True 0.01996 0.035 0.0 0.0 0.0 0.0
30 3 5 2 0 ras True True 0.24671 0.991 0.0 197.756 197.756 197.756
30 3 5 2 1 ras True False 1.1946 304.999 28.92 280.89 280.89 199.655
30 3 5 2 2 ras True False 2.55402 301.586 23.71 265.83 265.83 202.808
30 3 5 3 0 ras True True 0.28214 0.999 0.0 26.598 26.598 26.598
30 3 5 3 1 ras True False 0.47948 301.396 80.39 274.8 274.8 53.898
30 3 5 3 2 ras True False 2.43791 301.568 88.37 274.8 274.8 31.96
30 7 1 1 0 ras True True 0.02913 0.099 0.0 5.979 5.979 5.979
30 7 1 1 1 ras True True 0.03031 0.133 0.0 6.302 6.302 6.302
30 7 1 1 2 ras True True 0.02567 0.048 0.0 0.0 0.0 0.0
30 7 1 2 0 ras True True 0.31683 1.14 0.0 100.309 100.309 100.309
30 7 1 2 1 ras True False 1.56196 305.465 51.47 222.61 222.61 108.027
30 7 1 2 2 ras True False 2.47361 301.512 20.26 153.12 153.12 122.098
30 7 1 3 0 ras True True 0.2133 0.735 0.0 14.388 14.388 14.388
30 7 1 3 1 ras True False 0.3541 300.988 74.29 153.12 153.12 39.37
30 7 1 3 2 ras True False 2.37818 301.49 84.89 159.78 159.78 24.146
30 7 2 1 0 ras True True 0.02157 0.07 0.0 5.384 5.384 5.384
30 7 2 1 1 ras True True 0.02378 0.119 0.0 6.08 6.08 6.08
30 7 2 1 2 ras True True 0.02023 0.036 0.0 0.0 0.0 0.0
30 7 2 2 0 ras True True 0.25827 0.922 0.0 102.466 102.466 102.466
30 7 2 2 1 ras True False 1.23219 305.212 59.52 265.2 265.2 107.35
30 7 2 2 2 ras True False 3.17623 301.98 36.35 166.43 166.43 105.937
30 7 2 3 0 ras True True 0.21162 0.733 0.0 15.772 15.772 15.772
30 7 2 3 1 ras True False 0.34979 301.037 80.95 183.22 183.22 34.909
30 7 2 3 2 ras True False 3.12536 301.799 86.45 168.81 168.81 22.879
30 7 3 1 0 ras True True 0.02136 0.072 0.0 4.877 4.877 4.877
30 7 3 1 1 ras True True 0.02309 0.105 0.0 5.829 5.829 5.829
30 7 3 1 2 ras True True 0.02056 0.036 0.0 0.0 0.0 0.0
30 7 3 2 0 ras True True 0.24961 0.89 0.0 91.448 91.448 91.448
30 7 3 2 1 ras True False 1.21441 305.056 49.03 192.2 192.2 97.97
30 7 3 2 2 ras True False 2.4456 301.535 44.84 166.23 166.23 91.694
30 7 3 3 0 ras True True 0.22688 0.779 0.0 18.023 18.023 18.023
30 7 3 3 1 ras True False 0.36328 301.057 77.54 161.79 161.79 36.343
30 7 3 3 2 ras True False 2.37033 301.527 48.5 161.89 161.89 83.38
30 7 4 1 0 ras True True 0.02864 0.093 0.0 5.27 5.27 5.27
30 7 4 1 1 ras True True 0.03029 0.122 0.0 6.696 6.696 6.696
30 7 4 1 2 ras True True 0.02625 0.049 0.0 0.0 0.0 0.0
30 7 4 2 0 ras True True 0.31871 1.191 0.0 101.203 101.203 101.203
30 7 4 2 1 ras True False 1.32669 305.844 56.6 246.46 246.46 106.966
30 7 4 2 2 ras True False 3.16544 301.958 51.38 210.19 210.19 102.189
30 7 4 3 0 ras True True 0.21737 0.776 0.0 22.801 22.801 22.801
30 7 4 3 1 ras True False 0.36473 301.024 54.87 206.85 206.85 93.345
30 7 4 3 2 ras True False 2.3446 301.493 15.08 190.91 190.91 162.12
30 7 5 1 0 ras True True 0.02432 0.081 0.0 5.232 5.232 5.232
30 7 5 1 1 ras True True 0.02315 0.102 0.0 6.341 6.341 6.341
30 7 5 1 2 ras True True 0.0208 0.038 0.0 0.0 0.0 0.0
30 7 5 2 0 ras True True 0.2492 0.916 0.0 104.097 104.097 104.097
30 7 5 2 1 ras True False 1.27681 304.995 41.41 188.6 188.6 110.502
30 7 5 2 2 ras True False 2.50978 301.58 51.87 217.2 217.2 104.543
30 7 5 3 0 ras True True 0.22219 0.766 0.0 23.373 23.373 23.373
30 7 5 3 1 ras True False 0.36285 301.05 73.84 186.1 186.1 48.682
30 7 5 3 2 ras True False 2.38901 301.491 85.85 188.6 188.6 26.69
30 10 1 1 0 ras True True 0.02166 0.075 0.0 4.176 4.176 4.176
30 10 1 1 1 ras True True 0.02432 0.095 0.0 4.985 4.985 4.985
30 10 1 1 2 ras True True 0.02064 0.036 0.0 0.0 0.0 0.0
30 10 1 2 0 ras True True 0.25695 0.9 0.0 71.046 71.046 71.046
30 10 1 2 1 ras True False 1.2472 305.242 44.51 141.89 141.89 78.74
30 10 1 2 2 ras True False 3.21244 301.985 49.84 141.89 141.89 71.171
30 10 1 3 0 ras True True 0.23011 0.773 0.0 8.847 8.847 8.847
30 10 1 3 1 ras True False 0.37431 301.047 79.68 141.89 141.89 28.835
30 10 1 3 2 ras True False 2.42386 301.55 78.99 141.89 141.89 29.809
30 10 2 1 0 ras True True 0.02868 0.094 0.0 4.218 4.218 4.218
30 10 2 1 1 ras True True 0.03 0.116 0.0 5.181 5.181 5.181
30 10 2 1 2 ras True True 0.02612 0.05 0.0 0.0 0.0 0.0
30 10 2 2 0 ras True True 0.32457 0.889 0.0 68.175 68.175 68.175
30 10 2 2 1 ras True False 1.15501 304.917 56.74 187.68 187.68 81.19
30 10 2 2 2 ras True False 2.38634 301.475 53.91 163.47 163.47 75.34
30 10 2 3 0 ras True True 0.2244 0.818 0.0 11.76 11.76 11.76
30 10 2 3 1 ras True False 0.37726 301.073 80.34 156.63 156.63 30.796
30 10 2 3 2 ras True False 2.26941 301.451 91.0 181.02 181.02 16.296
30 10 3 1 0 ras True True 0.0249 0.073 0.0 4.605 4.605 4.605
30 10 3 1 1 ras True True 0.02444 0.109 0.0 5.766 5.766 5.766
30 10 3 1 2 ras True True 0.01109 0.038 0.0 0.0 0.0 0.0
30 10 3 2 0 ras True True 0.25964 0.882 0.0 74.688 74.688 74.688
30 10 3 2 1 ras True False 1.23582 305.121 69.61 271.67 271.67 82.56
30 10 3 2 2 ras True False 3.17844 301.986 56.03 171.13 171.13 75.245
30 10 3 3 0 ras True True 0.23144 0.806 0.0 9.227 9.227 9.227
30 10 3 3 1 ras True False 0.36333 301.056 81.49 161.38 161.38 29.874
30 10 3 3 2 ras True False 2.28013 301.482 87.44 161.38 161.38 20.273
30 10 4 1 0 ras True True 0.0221 0.076 0.0 4.58 4.58 4.58
30 10 4 1 1 ras True True 0.02399 0.108 0.0 5.496 5.496 5.496
30 10 4 1 2 ras True True 0.02052 0.037 0.0 0.0 0.0 0.0
30 10 4 2 0 ras True True 0.25717 0.887 0.0 78.812 78.812 78.812
30 10 4 2 1 ras True False 1.24174 305.093 72.73 321.4 321.4 87.645
30 10 4 2 2 ras True False 3.19403 301.972 66.9 270.74 270.74 89.617
30 10 4 3 0 ras True True 0.22763 0.799 0.0 12.04 12.04 12.04
30 10 4 3 1 ras True False 0.37431 301.067 88.98 274.59 274.59 30.25
30 10 4 3 2 ras True False 2.44407 301.549 92.19 214.71 214.71 16.778
30 10 5 1 0 ras True True 0.02866 0.1 0.0 4.128 4.128 4.128
30 10 5 1 1 ras True True 0.03019 0.134 0.0 5.281 5.281 5.281
30 10 5 1 2 ras True True 0.03133 0.05 0.0 0.0 0.0 0.0
30 10 5 2 0 ras True True 0.32013 1.122 0.0 68.475 68.475 68.475
30 10 5 2 1 ras True False 1.28354 304.741 62.19 217.22 217.22 82.137
30 10 5 2 2 ras True False 3.18122 301.97 55.28 177.56 177.56 79.4
30 10 5 3 0 ras True True 0.21992 0.739 0.0 21.85 21.85 21.85
30 10 5 3 1 ras True False 0.355 301.031 76.81 176.82 176.82 41.009
30 10 5 3 2 ras True False 2.42629 301.571 79.46 142.43 142.43 29.254
